0.042106,0.044270,0.042115,0.041572,0.027940,0.029422,0.028708,0.029409,0.030840,0.031986,0.036007,0.055385
0.042236,0.044538,0.042545,0.041332,0.028284,0.029545,0.028410,0.029156,0.030634,0.032014,0.035925,0.055606
0.042315,0.044165,0.042397,0.041588,0.028370,0.029702,0.028660,0.029304,0.030859,0.032093,0.035814,0.055685
0.042523,0.044431,0.042131,0.041281,0.027990,0.029538,0.028512,0.029494,0.031001,0.032087,0.035758,0.055536
0.042195,0.044355,0.042435,0.041370,0.028209,0.029630,0.028562,0.029399,0.030840,0.032327,0.036057,0.055719
0.042264,0.044453,0.042201,0.041487,0.028231,0.029390,0.028897,0.029188,0.030928,0.031797,0.035994,0.055612
0.042536,0.044248,0.042154,0.041500,0.028022,0.029554,0.028515,0.029386,0.030736,0.032270,0.035808,0.055555
0.042425,0.044188,0.042185,0.041080,0.028136,0.029399,0.028717,0.029418,0.030751,0.031790,0.035697,0.055739
0.042539,0.044406,0.042261,0.041221,0.028085,0.029706,0.028641,0.029131,0.030862,0.032226,0.035994,0.055808
0.042573,0.044251,0.042176,0.041519,0.028123,0.029731,0.028506,0.028859,0.030821,0.031923,0.035994,0.055113
0.042156,0.044197,0.042182,0.041718,0.028335,0.029721,0.028679,0.029140,0.030590,0.032299,0.035615,0.055432
0.042283,0.044326,0.042447,0.041730,0.028111,0.029576,0.028496,0.029232,0.030966,0.031920,0.035795,0.055382
0.042173,0.044866,0.042359,0.041411,0.028243,0.029731,0.028635,0.029510,0.030691,0.031983,0.036073,0.055814
0.042536,0.044169,0.042520,0.041455,0.028019,0.029696,0.028429,0.029371,0.030719,0.032125,0.036004,0.055454
0.042393,0.044488,0.042494,0.041329,0.028133,0.029545,0.028603,0.029200,0.031073,0.032188,0.035972,0.055691
0.042293,0.044355,0.042412,0.041414,0.027883,0.029747,0.028556,0.029390,0.030855,0.032091,0.035862,0.055502
0.042362,0.044216,0.042201,0.041221,0.028281,0.029797,0.028701,0.029308,0.030868,0.031857,0.035678,0.055255
0.042491,0.044409,0.042242,0.041216,0.028237,0.029463,0.028477,0.029384,0.030704,0.032037,0.035543,0.055568
0.042299,0.044690,0.042571,0.041493,0.028104,0.029699,0.028474,0.029444,0.030846,0.032132,0.035735,0.055372
0.042441,0.044323,0.042163,0.041863,0.028256,0.029598,0.028648,0.029409,0.030963,0.031857,0.035903,0.055565
0.042406,0.044664,0.042018,0.041317,0.028161,0.029908,0.028584,0.029330,0.030840,0.031926,0.036114,0.055546
0.042195,0.044576,0.042387,0.041522,0.027760,0.029826,0.028341,0.029304,0.030770,0.032532,0.035865,0.055802
0.042093,0.044336,0.042643,0.041430,0.028016,0.029873,0.028332,0.029425,0.030928,0.032115,0.035729,0.055552
0.042438,0.044307,0.042188,0.041474,0.028180,0.029576,0.028761,0.029159,0.030622,0.031879,0.035871,0.055542
0.042457,0.044298,0.042419,0.041272,0.028161,0.029999,0.028897,0.029181,0.030805,0.032068,0.036095,0.055729
0.042299,0.044393,0.042251,0.041307,0.028177,0.029564,0.028521,0.029583,0.030691,0.032201,0.035530,0.055533
0.042526,0.044371,0.041989,0.041449,0.028133,0.029731,0.028423,0.029336,0.030922,0.031809,0.036092,0.055640
0.042371,0.044753,0.042330,0.041253,0.028063,0.029646,0.028484,0.029352,0.030928,0.031778,0.035615,0.055899
0.042337,0.044260,0.042343,0.041604,0.028123,0.029794,0.028575,0.029257,0.030587,0.032217,0.035700,0.055662
0.042251,0.044766,0.042109,0.041474,0.028048,0.029513,0.028543,0.029023,0.030622,0.032122,0.035893,0.055599
0.042018,0.044304,0.042219,0.041515,0.027978,0.029595,0.028436,0.029156,0.030795,0.032245,0.036121,0.055486
0.042166,0.044112,0.042494,0.041604,0.028085,0.029649,0.028212,0.029178,0.030764,0.031945,0.036197,0.055536
0.042302,0.044172,0.042539,0.041304,0.028073,0.029810,0.028477,0.029005,0.030900,0.032226,0.035751,0.055864
0.042504,0.044459,0.042248,0.041313,0.028177,0.029652,0.028423,0.029431,0.030736,0.032014,0.036102,0.055776
0.042037,0.044384,0.042283,0.041623,0.028316,0.029614,0.028303,0.029191,0.030805,0.032245,0.035546,0.055533
0.042552,0.044797,0.042258,0.041326,0.027871,0.029765,0.028632,0.029507,0.030814,0.032093,0.035890,0.055565
0.042589,0.044348,0.042166,0.041462,0.028003,0.029630,0.028815,0.029159,0.031114,0.032014,0.036143,0.055552
0.042393,0.044232,0.042267,0.041616,0.028161,0.029734,0.028556,0.029207,0.030795,0.032207,0.035922,0.055644
0.042096,0.044131,0.042150,0.041038,0.028114,0.029652,0.028385,0.029229,0.030969,0.032223,0.035735,0.055347
0.042412,0.044282,0.042293,0.041474,0.028070,0.029781,0.028566,0.029617,0.031298,0.032409,0.036317,0.055413
0.043423,0.045505,0.043401,0.042937,0.028824,0.030581,0.030100,0.031266,0.033224,0.034671,0.038843,0.056831
0.047052,0.049958,0.047453,0.046844,0.031032,0.032747,0.031936,0.033496,0.034958,0.036455,0.039905,0.058092
0.048613,0.051411,0.048347,0.047453,0.031086,0.032880,0.032084,0.033606,0.035173,0.036304,0.040173,0.058316
0.048300,0.051506,0.048480,0.047460,0.031266,0.032912,0.031800,0.033616,0.035069,0.036664,0.039939,0.058249
0.048591,0.051323,0.048572,0.047343,0.031351,0.032833,0.031907,0.033461,0.035201,0.036553,0.040034,0.058468
0.048499,0.051127,0.048537,0.047387,0.031424,0.033212,0.032135,0.033433,0.035047,0.036307,0.039857,0.058199
0.048967,0.051054,0.048926,0.047463,0.031282,0.032902,0.032132,0.033468,0.035239,0.036218,0.040132,0.058246
0.048619,0.051029,0.048578,0.047239,0.031468,0.032906,0.031961,0.033275,0.035394,0.036531,0.039762,0.058120
0.048436,0.051199,0.048455,0.047662,0.031323,0.032773,0.031961,0.033433,0.035246,0.036414,0.039592,0.058256
0.048477,0.051215,0.048533,0.047510,0.031674,0.033070,0.032031,0.033212,0.035192,0.036459,0.039801,0.058578
0.048502,0.051392,0.048492,0.047485,0.031301,0.033104,0.031831,0.033625,0.035239,0.036572,0.039885,0.058388
0.048518,0.051079,0.048606,0.047428,0.031361,0.032981,0.032040,0.033632,0.035044,0.036222,0.039949,0.058388
0.048824,0.051130,0.048638,0.047586,0.031645,0.033038,0.032258,0.033556,0.035394,0.036212,0.039494,0.058284
0.048654,0.051098,0.048638,0.047605,0.031616,0.032792,0.032103,0.033363,0.035100,0.036038,0.040091,0.058569
0.048205,0.050931,0.048540,0.047403,0.031373,0.032795,0.032119,0.033556,0.035407,0.036212,0.039772,0.058332
0.048407,0.051032,0.048597,0.047472,0.031133,0.033054,0.032138,0.033366,0.035255,0.036418,0.039993,0.058508
0.048654,0.051275,0.048477,0.047532,0.031515,0.032801,0.031895,0.033540,0.035135,0.036556,0.039971,0.058711
0.048401,0.051304,0.048483,0.047700,0.031399,0.032912,0.032128,0.033597,0.035179,0.036231,0.039532,0.058161
0.048284,0.051402,0.048767,0.047318,0.031493,0.033041,0.031936,0.033262,0.035227,0.036225,0.040075,0.058391
0.048366,0.051165,0.048572,0.047375,0.031503,0.032706,0.031951,0.033777,0.035259,0.036291,0.039709,0.058597
0.048509,0.051364,0.048616,0.047662,0.031610,0.032769,0.032065,0.033420,0.035302,0.036474,0.039778,0.058565
0.048764,0.051184,0.048527,0.047368,0.031291,0.032956,0.032096,0.033405,0.035037,0.036790,0.039696,0.058670
0.049406,0.051275,0.047851,0.047434,0.031828,0.032845,0.032223,0.033742,0.035799,0.036459,0.039820,0.057785
0.049999,0.050770,0.046455,0.046973,0.031209,0.032713,0.032409,0.033524,0.035783,0.036670,0.039702,0.058189
0.049844,0.050963,0.046272,0.047046,0.031152,0.032981,0.032507,0.033720,0.035587,0.036446,0.039731,0.058186
0.050129,0.050966,0.046831,0.047103,0.031089,0.032801,0.032375,0.033992,0.035524,0.036579,0.039680,0.058379
0.049946,0.050978,0.046496,0.047248,0.031228,0.032880,0.032059,0.033969,0.035543,0.036721,0.039664,0.058170
0.049946,0.050855,0.046866,0.046876,0.031111,0.032586,0.032472,0.033796,0.035719,0.036746,0.039431,0.058145
0.050078,0.051127,0.046951,0.047043,0.031373,0.032877,0.032195,0.034036,0.035625,0.036541,0.039541,0.058278
0.050097,0.050744,0.046566,0.047277,0.031004,0.032829,0.032305,0.033951,0.035678,0.036556,0.039908,0.058290
0.049825,0.051064,0.046623,0.047103,0.031200,0.032801,0.032665,0.033837,0.035650,0.036449,0.039463,0.058480
0.049965,0.050966,0.046509,0.047043,0.031377,0.032867,0.032454,0.033736,0.035777,0.036310,0.039943,0.058464
0.049939,0.051177,0.046771,0.047014,0.031279,0.032855,0.032236,0.034121,0.035337,0.036702,0.039557,0.058111
0.050163,0.050944,0.046781,0.047182,0.031364,0.032785,0.032220,0.033771,0.035580,0.036724,0.039712,0.057962
0.050138,0.050574,0.046781,0.046977,0.031013,0.032823,0.032403,0.033812,0.035641,0.036585,0.039696,0.058044
0.050103,0.050915,0.046916,0.047018,0.031342,0.032700,0.032454,0.033969,0.035382,0.036670,0.039412,0.058041
0.049728,0.051042,0.046487,0.046910,0.031073,0.032773,0.032327,0.033733,0.035760,0.036471,0.039908,0.058066
0.049901,0.050862,0.046793,0.047489,0.031083,0.032902,0.032431,0.033894,0.035953,0.036421,0.039664,0.058464
0.049468,0.051171,0.047513,0.047239,0.031263,0.032867,0.032305,0.033726,0.035543,0.036809,0.040053,0.058673
0.048347,0.051474,0.048407,0.047494,0.031437,0.033012,0.032283,0.033452,0.035242,0.036222,0.039958,0.058404
0.048616,0.051171,0.048537,0.047315,0.031822,0.032709,0.032128,0.033556,0.035306,0.036291,0.040063,0.058584
0.048518,0.051203,0.048347,0.047296,0.031645,0.033079,0.032264,0.033531,0.035154,0.036743,0.040009,0.058827
0.048575,0.051133,0.048793,0.047343,0.031655,0.033126,0.032052,0.033689,0.035176,0.036449,0.039949,0.058834
0.048695,0.051329,0.048262,0.047289,0.031635,0.033139,0.031809,0.033098,0.035341,0.036430,0.039851,0.059020
0.048306,0.050922,0.048357,0.047384,0.031373,0.033278,0.032065,0.033461,0.035343,0.036348,0.040394,0.058707
0.048509,0.050922,0.048856,0.047447,0.031478,0.032694,0.032214,0.033534,0.035259,0.036550,0.040151,0.058606
0.048489,0.051086,0.048509,0.047510,0.031456,0.032988,0.032151,0.033651,0.035530,0.036503,0.039933,0.058657
0.048622,0.051177,0.048909,0.047390,0.031737,0.032908,0.031869,0.033837,0.035587,0.036591,0.040050,0.058783
0.048752,0.051136,0.048351,0.047485,0.031538,0.033038,0.032091,0.033670,0.034974,0.036487,0.040145,0.058575
0.048492,0.051038,0.048562,0.047542,0.031592,0.033243,0.031835,0.033887,0.034984,0.036563,0.040113,0.058733
0.048805,0.051247,0.048711,0.047507,0.031699,0.032867,0.031955,0.033606,0.035603,0.036455,0.040028,0.058739
0.048351,0.051083,0.048417,0.047542,0.031572,0.033003,0.032128,0.033414,0.035186,0.036459,0.040044,0.058976
0.048578,0.051408,0.048410,0.047343,0.031651,0.033202,0.032052,0.033726,0.035300,0.036459,0.040249,0.058660
0.048622,0.050997,0.048799,0.047106,0.031370,0.033041,0.032166,0.033483,0.035170,0.036525,0.039984,0.058900
0.048572,0.051158,0.048666,0.047494,0.031667,0.033003,0.032349,0.033910,0.035429,0.036708,0.040021,0.058663
0.048575,0.051272,0.048673,0.047772,0.031951,0.033029,0.031775,0.033644,0.035259,0.036863,0.040236,0.058900
0.048546,0.051260,0.048492,0.047201,0.031775,0.032870,0.032078,0.033483,0.035382,0.036512,0.040205,0.058950
0.048499,0.051395,0.048294,0.047476,0.031481,0.032902,0.032308,0.033414,0.035524,0.036471,0.039772,0.058591
0.048578,0.050909,0.048723,0.047040,0.031433,0.032947,0.032185,0.033477,0.035391,0.036648,0.040186,0.058559
0.048572,0.051446,0.048827,0.047494,0.031582,0.033164,0.032220,0.033638,0.035435,0.036698,0.039930,0.058745
0.048139,0.051496,0.048227,0.047226,0.031553,0.032874,0.031992,0.033499,0.035107,0.036566,0.039965,0.058840
0.048584,0.051307,0.048461,0.047305,0.031389,0.032994,0.031920,0.033376,0.035495,0.036490,0.039955,0.058578
0.048533,0.051165,0.048594,0.047340,0.031585,0.033117,0.032233,0.033149,0.035546,0.036497,0.039810,0.058979
0.048231,0.051016,0.048385,0.047337,0.031509,0.032943,0.031961,0.033976,0.035148,0.036582,0.040426,0.058537
0.048651,0.051143,0.048363,0.047431,0.031481,0.033117,0.032141,0.033638,0.035227,0.036531,0.040148,0.058723
0.048610,0.051332,0.048572,0.047624,0.031440,0.032744,0.032394,0.033448,0.035290,0.036383,0.040047,0.058615
0.049143,0.051032,0.047719,0.047043,0.031285,0.032981,0.032135,0.034005,0.035464,0.036424,0.039687,0.058196
0.050599,0.051000,0.045982,0.046904,0.031086,0.032539,0.032614,0.034137,0.035495,0.036711,0.039623,0.057564
0.051266,0.050719,0.044447,0.047077,0.030382,0.032599,0.032356,0.034083,0.035637,0.036544,0.039510,0.057539
0.051364,0.050416,0.044705,0.046471,0.030498,0.032448,0.032580,0.034005,0.035644,0.036455,0.039519,0.057614
0.051670,0.050849,0.044737,0.046604,0.030533,0.032198,0.032510,0.034071,0.035777,0.036614,0.039772,0.057700
0.051386,0.050631,0.044760,0.046474,0.030505,0.032368,0.032381,0.033872,0.035467,0.036241,0.039463,0.057447
0.051348,0.050328,0.044526,0.046841,0.030760,0.032738,0.032479,0.033945,0.035530,0.036490,0.039128,0.057785
0.051468,0.050653,0.044478,0.046623,0.030868,0.032959,0.032349,0.033796,0.035599,0.036607,0.039399,0.057627
0.051307,0.050429,0.044567,0.046534,0.030325,0.032646,0.032627,0.033868,0.035707,0.036427,0.039184,0.057741
0.051301,0.050606,0.044810,0.046620,0.030780,0.032567,0.032564,0.034027,0.035979,0.036399,0.039488,0.057839
0.051152,0.050928,0.044696,0.046711,0.030565,0.032530,0.032549,0.033986,0.035672,0.036452,0.039099,0.057801
0.051600,0.050862,0.044661,0.046632,0.030574,0.032321,0.032675,0.034061,0.035606,0.036616,0.039349,0.057782
0.051367,0.050700,0.044756,0.047046,0.030214,0.032590,0.032349,0.033885,0.035555,0.036594,0.039406,0.057643
0.051323,0.050375,0.045015,0.046660,0.030581,0.032520,0.032700,0.033923,0.035922,0.036478,0.039485,0.057535
0.051048,0.050773,0.044753,0.046677,0.030612,0.032384,0.032261,0.034046,0.035789,0.036698,0.039519,0.057883
0.051310,0.050514,0.044560,0.046739,0.030640,0.032400,0.032577,0.034020,0.035407,0.036351,0.039564,0.058230
0.051092,0.050615,0.044731,0.046715,0.030527,0.032605,0.032757,0.033885,0.035511,0.036954,0.039437,0.057782
0.050833,0.050716,0.045735,0.046774,0.031168,0.032722,0.032412,0.033862,0.035672,0.036635,0.039510,0.058385
0.049709,0.051067,0.047580,0.047115,0.031231,0.033183,0.032245,0.033411,0.035533,0.036655,0.040069,0.058824
0.048628,0.051162,0.048237,0.047479,0.031635,0.032962,0.031995,0.033369,0.035429,0.036158,0.040018,0.059124
0.048552,0.051424,0.048868,0.047375,0.031446,0.033003,0.032081,0.033638,0.035173,0.036380,0.040173,0.058995
0.048316,0.051209,0.048531,0.047634,0.031503,0.033107,0.032359,0.033534,0.035549,0.036427,0.040006,0.058748
0.048474,0.051174,0.048752,0.047359,0.031298,0.033155,0.031942,0.033692,0.035353,0.036395,0.040365,0.058967
0.048076,0.051342,0.048603,0.047545,0.031708,0.033123,0.032327,0.033648,0.035293,0.036509,0.039772,0.058922
0.048565,0.050972,0.048774,0.047308,0.031623,0.033010,0.032352,0.033480,0.035353,0.036370,0.040002,0.058922
0.048351,0.051383,0.048407,0.047359,0.031809,0.033029,0.031980,0.033319,0.035505,0.036414,0.040135,0.058540
0.048395,0.051332,0.048764,0.047311,0.031752,0.032896,0.031961,0.033347,0.035558,0.036809,0.040145,0.058812
0.048328,0.051086,0.048572,0.047444,0.031973,0.032918,0.031794,0.033726,0.035334,0.036408,0.040271,0.059121
0.048442,0.051089,0.048442,0.047457,0.031377,0.032722,0.032151,0.033720,0.035290,0.036342,0.039892,0.058628
0.048256,0.051168,0.048856,0.047255,0.031519,0.032968,0.032062,0.033764,0.035044,0.036639,0.040151,0.058890
0.048332,0.051190,0.048638,0.047381,0.031667,0.033054,0.032362,0.033196,0.035126,0.036235,0.040328,0.058837
0.048492,0.051383,0.048619,0.047552,0.031556,0.033094,0.031932,0.033613,0.035461,0.036544,0.039895,0.059118
0.048316,0.050915,0.048783,0.047782,0.031582,0.032842,0.032274,0.033673,0.035792,0.036209,0.040401,0.058849
0.047870,0.051168,0.048521,0.047406,0.031739,0.032779,0.032052,0.033202,0.035435,0.036465,0.040401,0.059178
0.048436,0.051061,0.048489,0.047457,0.031569,0.033202,0.031961,0.033654,0.035173,0.036544,0.040031,0.058733
0.048496,0.051098,0.048951,0.047422,0.031490,0.032782,0.032074,0.033736,0.035227,0.036503,0.040264,0.059023
0.048319,0.050997,0.048552,0.047397,0.031784,0.033149,0.031989,0.033537,0.035385,0.036348,0.040223,0.058894
0.048427,0.051307,0.048306,0.047258,0.031737,0.033126,0.032103,0.033411,0.035302,0.036288,0.040053,0.058606
0.048300,0.051281,0.048540,0.047027,0.031522,0.032792,0.032277,0.033392,0.035388,0.036134,0.040328,0.058909
0.048332,0.051146,0.048259,0.047552,0.031645,0.033335,0.032125,0.033723,0.035360,0.036689,0.040170,0.058989
0.048499,0.050953,0.048369,0.047434,0.031626,0.033328,0.032356,0.033531,0.035379,0.036550,0.040078,0.058922
0.048256,0.051130,0.048477,0.047217,0.031724,0.033098,0.032296,0.033464,0.035170,0.037024,0.040281,0.058909
0.048487,0.051124,0.048531,0.047166,0.031730,0.032833,0.032027,0.033768,0.035356,0.036231,0.040369,0.058884
0.048552,0.051168,0.048414,0.047517,0.031433,0.032947,0.031683,0.033202,0.035302,0.036727,0.039984,0.058834
0.048287,0.051149,0.048685,0.047457,0.031430,0.033073,0.032359,0.033802,0.035363,0.036616,0.040283,0.058742
0.048351,0.050985,0.048543,0.047273,0.031569,0.033243,0.032100,0.033667,0.035205,0.036655,0.039911,0.058543
0.048926,0.050795,0.047975,0.047096,0.031515,0.032668,0.032087,0.033768,0.035635,0.036610,0.039936,0.058562
0.050353,0.051133,0.045741,0.046980,0.030741,0.032349,0.032577,0.034134,0.035593,0.036392,0.039636,0.057488
0.051534,0.050350,0.043767,0.046405,0.030255,0.032201,0.032634,0.034033,0.035587,0.036174,0.039077,0.057103
0.052810,0.049987,0.042776,0.046367,0.029930,0.032337,0.032640,0.033840,0.035631,0.036455,0.039121,0.056970
0.052513,0.049721,0.042744,0.046161,0.029952,0.032359,0.032494,0.034172,0.035700,0.036411,0.038786,0.057239
0.052570,0.050205,0.042874,0.046190,0.030261,0.032113,0.032564,0.033799,0.035723,0.036497,0.038720,0.057371
0.052804,0.050442,0.042804,0.046212,0.029769,0.032192,0.032356,0.033723,0.035533,0.036635,0.038970,0.057390
0.052343,0.050486,0.042930,0.046143,0.029750,0.032151,0.032571,0.033786,0.035641,0.036304,0.038863,0.057255
0.052608,0.050211,0.042899,0.046133,0.029971,0.032220,0.032583,0.034061,0.035486,0.036048,0.039339,0.056967
0.052431,0.050129,0.042731,0.046399,0.029848,0.032141,0.032595,0.033843,0.035609,0.036389,0.039106,0.057125
0.052340,0.050347,0.042441,0.046209,0.029680,0.032031,0.032659,0.034128,0.035612,0.036386,0.039049,0.057305
0.052444,0.050302,0.043070,0.046079,0.030331,0.032103,0.032634,0.033559,0.035508,0.036304,0.039061,0.057131
0.052321,0.050410,0.042918,0.046171,0.030157,0.031980,0.032675,0.033926,0.035770,0.036452,0.038926,0.057217
0.052444,0.050337,0.043171,0.046209,0.029930,0.032011,0.032634,0.034071,0.035543,0.036364,0.038922,0.057479
0.052346,0.050261,0.042754,0.046269,0.029939,0.031992,0.032728,0.034282,0.035290,0.036575,0.039311,0.057264
0.052653,0.050350,0.042735,0.046313,0.030218,0.032100,0.032368,0.033862,0.035467,0.036168,0.039172,0.057371
0.052482,0.050359,0.042886,0.046042,0.030372,0.031879,0.032536,0.033878,0.035549,0.036304,0.039001,0.057128
0.052494,0.050505,0.042801,0.046016,0.030211,0.032115,0.032602,0.033960,0.035388,0.036620,0.039090,0.057552
0.052191,0.050549,0.043913,0.046174,0.030672,0.032637,0.032867,0.034046,0.035574,0.036506,0.039734,0.058199
0.050568,0.051010,0.046130,0.046838,0.031133,0.032612,0.032583,0.033938,0.035461,0.036342,0.039955,0.058480
0.049102,0.051117,0.047864,0.047113,0.031582,0.032861,0.032027,0.033493,0.035284,0.036575,0.040122,0.058950
0.048401,0.051004,0.049017,0.047081,0.031648,0.033025,0.032084,0.033155,0.035107,0.036462,0.040075,0.059023
0.048177,0.051370,0.048843,0.047280,0.031380,0.033123,0.032033,0.033613,0.035353,0.036474,0.040091,0.058597
0.048468,0.051260,0.048815,0.047393,0.031440,0.032918,0.032154,0.033499,0.035192,0.036231,0.039974,0.058812
0.048177,0.051209,0.048777,0.047280,0.031838,0.033006,0.032018,0.033489,0.035246,0.036563,0.040034,0.058922
0.048275,0.051127,0.048670,0.047201,0.031462,0.033227,0.031970,0.033439,0.035107,0.036427,0.039968,0.058610
0.048171,0.051288,0.048755,0.047068,0.031440,0.032937,0.032141,0.033594,0.035337,0.036661,0.040135,0.059114
0.048041,0.051007,0.049071,0.046894,0.031597,0.032971,0.032128,0.033328,0.035356,0.036490,0.040059,0.059118
0.048575,0.051240,0.048619,0.047517,0.031721,0.033130,0.032334,0.033780,0.034816,0.036421,0.039898,0.059510
0.048070,0.051298,0.048726,0.047485,0.031734,0.033186,0.032018,0.033648,0.035360,0.036648,0.039905,0.058723
0.048104,0.051566,0.048764,0.047128,0.031794,0.032997,0.032119,0.033439,0.035391,0.036257,0.040195,0.058967
0.048451,0.051240,0.048366,0.047229,0.031721,0.032672,0.032359,0.033638,0.035154,0.036241,0.040568,0.059045
0.048281,0.051184,0.049153,0.047387,0.031616,0.032501,0.032113,0.033360,0.035306,0.036269,0.040129,0.059087
0.047902,0.051266,0.048550,0.047255,0.031752,0.032820,0.032308,0.033227,0.035160,0.036433,0.040053,0.058868
0.048133,0.050972,0.048717,0.047286,0.031699,0.032949,0.032125,0.033300,0.035195,0.036522,0.039946,0.059270
0.048420,0.051197,0.049020,0.047182,0.031857,0.033139,0.031841,0.033237,0.035044,0.036484,0.040242,0.059159
0.048240,0.051515,0.048613,0.047299,0.031759,0.032937,0.032128,0.033638,0.035337,0.036563,0.040413,0.059143
0.048107,0.051101,0.048673,0.047273,0.031323,0.032691,0.032132,0.033338,0.034996,0.036708,0.040205,0.059099
0.048114,0.051158,0.048588,0.047384,0.031756,0.032947,0.032037,0.033360,0.035261,0.036490,0.040325,0.059181
0.048098,0.051120,0.048527,0.047494,0.031929,0.032687,0.032014,0.033123,0.035438,0.036354,0.040097,0.059004
0.048158,0.051291,0.048755,0.047365,0.031553,0.032994,0.031967,0.033424,0.034952,0.036279,0.040208,0.059020
0.048256,0.051260,0.048550,0.047375,0.031680,0.033035,0.031885,0.033231,0.035205,0.036471,0.040157,0.059080
0.048199,0.051253,0.048638,0.047504,0.031544,0.032930,0.032327,0.033635,0.035590,0.036392,0.040264,0.058890
0.048313,0.051004,0.048818,0.047321,0.031515,0.033231,0.031948,0.033575,0.035138,0.036528,0.040091,0.059169
0.048414,0.051143,0.049071,0.047195,0.032289,0.033243,0.032185,0.033739,0.035138,0.036358,0.040365,0.059134
0.048309,0.051342,0.048591,0.047406,0.031556,0.032988,0.031923,0.033385,0.035100,0.036493,0.040018,0.058846
0.048717,0.051105,0.048916,0.047201,0.031585,0.032940,0.032072,0.033663,0.035334,0.036199,0.040122,0.058884
0.048461,0.051061,0.048461,0.047333,0.031440,0.032681,0.032242,0.033446,0.035141,0.036683,0.039962,0.058846
0.048951,0.051139,0.047757,0.047109,0.031424,0.032750,0.032754,0.033752,0.035388,0.036395,0.039924,0.058309
0.050615,0.050912,0.045530,0.046689,0.030991,0.032485,0.032612,0.033894,0.035764,0.036222,0.039248,0.057457
0.052346,0.050097,0.042747,0.046184,0.029605,0.031958,0.032700,0.034292,0.035476,0.036304,0.038515,0.056879
0.053155,0.049905,0.041064,0.045770,0.029330,0.031418,0.032182,0.033815,0.035047,0.036035,0.038518,0.056171
0.053388,0.050151,0.040483,0.045918,0.029658,0.031386,0.032371,0.033799,0.035388,0.036029,0.038357,0.056285
0.053436,0.049993,0.040628,0.045814,0.029295,0.031724,0.032248,0.033935,0.035097,0.036285,0.038347,0.056819
0.053240,0.049939,0.040960,0.045817,0.029285,0.031421,0.032375,0.033837,0.035097,0.035758,0.038565,0.056572
0.053344,0.049661,0.040991,0.045792,0.029434,0.031257,0.032653,0.034197,0.035366,0.035994,0.038483,0.056452
0.053249,0.049892,0.040906,0.045871,0.029257,0.031551,0.032315,0.033692,0.034924,0.036016,0.038373,0.056547
0.053388,0.049924,0.040688,0.046108,0.029302,0.031446,0.032513,0.033745,0.035069,0.036272,0.038404,0.056398
0.052930,0.049879,0.041111,0.045975,0.029440,0.031364,0.032637,0.034238,0.035290,0.036038,0.038231,0.056604
0.053047,0.049794,0.040937,0.046228,0.029399,0.031512,0.032302,0.033935,0.035063,0.036105,0.038499,0.056702
0.053366,0.049955,0.040931,0.046260,0.029589,0.031544,0.032448,0.033923,0.035388,0.035745,0.038616,0.056509
0.053047,0.050034,0.040833,0.045795,0.029393,0.031373,0.032267,0.033834,0.035208,0.035960,0.038689,0.056815
0.053391,0.049895,0.041225,0.045691,0.029162,0.031433,0.032435,0.033654,0.035091,0.036212,0.038764,0.056724
0.053051,0.049813,0.041162,0.045934,0.029532,0.031582,0.032378,0.033913,0.035129,0.036152,0.038717,0.056487
0.053331,0.050040,0.040719,0.045609,0.029576,0.031594,0.032435,0.033768,0.035318,0.036152,0.038777,0.056771
0.053218,0.049924,0.040988,0.045729,0.029737,0.031471,0.032520,0.033805,0.035186,0.036162,0.038610,0.057052
0.053016,0.050100,0.041440,0.045937,0.029974,0.031594,0.032577,0.033704,0.035521,0.036260,0.038796,0.057207
0.052315,0.050565,0.043291,0.046800,0.030366,0.032245,0.032700,0.034172,0.035347,0.036506,0.039406,0.058114
0.050457,0.050691,0.045871,0.046866,0.031389,0.032659,0.032226,0.033875,0.035110,0.036673,0.040040,0.058401
0.049184,0.050937,0.047988,0.047106,0.031361,0.032744,0.031879,0.033553,0.035037,0.036266,0.040116,0.058919
0.047984,0.051313,0.048853,0.047245,0.031844,0.033316,0.031879,0.033193,0.035081,0.036020,0.040104,0.059052
0.047791,0.051307,0.048831,0.047166,0.031895,0.032949,0.031945,0.033613,0.035059,0.036418,0.039892,0.059096
0.047861,0.051165,0.048846,0.047251,0.031904,0.032687,0.032096,0.033240,0.035110,0.036455,0.040208,0.059074
0.047782,0.051206,0.048840,0.047476,0.031657,0.032709,0.031932,0.033139,0.035141,0.036212,0.040420,0.058815
0.047984,0.051171,0.048796,0.047513,0.032037,0.032962,0.031951,0.033171,0.035025,0.036446,0.040186,0.059093
0.047612,0.051168,0.049039,0.047154,0.031614,0.032930,0.031989,0.033186,0.034980,0.036367,0.040239,0.059187
0.047915,0.051174,0.049124,0.047400,0.031525,0.033003,0.032255,0.033328,0.035132,0.036095,0.040306,0.059339
0.048003,0.051095,0.048594,0.047176,0.031648,0.033079,0.032050,0.033101,0.034889,0.036418,0.040423,0.059500
0.048205,0.051414,0.048979,0.047311,0.031623,0.033120,0.032043,0.033834,0.034873,0.036244,0.039984,0.058985
0.048155,0.051177,0.049143,0.047305,0.031800,0.032902,0.031948,0.033745,0.035198,0.036392,0.040543,0.058960
0.048148,0.051162,0.048701,0.047270,0.031980,0.032845,0.032078,0.033344,0.035138,0.036698,0.040423,0.059118
0.047927,0.051433,0.048698,0.047217,0.031582,0.032814,0.031885,0.033328,0.034971,0.036197,0.040173,0.058979
0.048351,0.051146,0.048941,0.047318,0.031797,0.032874,0.032210,0.033407,0.034842,0.036389,0.040208,0.059150
0.048073,0.050931,0.048878,0.047002,0.031582,0.033205,0.031800,0.033448,0.035025,0.035919,0.040246,0.059203
0.048019,0.051038,0.048799,0.047321,0.031626,0.032949,0.031951,0.033565,0.035088,0.036392,0.040189,0.058995
0.048076,0.051329,0.048834,0.047299,0.031756,0.032870,0.032119,0.033313,0.034867,0.036364,0.040470,0.059114
0.048089,0.051019,0.049052,0.047315,0.031588,0.032937,0.032113,0.033528,0.035170,0.036468,0.040167,0.059105
0.047915,0.051326,0.048941,0.047283,0.031857,0.032829,0.032091,0.033300,0.035208,0.036616,0.040154,0.058704
0.047589,0.051133,0.048926,0.047286,0.031800,0.032766,0.031898,0.033685,0.035104,0.036253,0.040167,0.059213
0.047899,0.051279,0.048701,0.047378,0.031724,0.032631,0.031803,0.033502,0.034810,0.036114,0.040325,0.059370
0.047709,0.051139,0.049001,0.046967,0.031633,0.032906,0.032371,0.033161,0.035341,0.036541,0.040126,0.059121
0.047905,0.051298,0.048720,0.047409,0.031601,0.032709,0.032179,0.033208,0.035182,0.036304,0.040097,0.058979
0.047930,0.051250,0.048714,0.047264,0.031816,0.032719,0.031677,0.033325,0.034908,0.036276,0.039933,0.059241
0.048025,0.051064,0.048897,0.046999,0.031699,0.033092,0.032220,0.033382,0.035192,0.036443,0.040223,0.058739
0.048183,0.051234,0.048584,0.047476,0.031967,0.032908,0.032091,0.033502,0.035205,0.036143,0.040277,0.059165
0.048025,0.051275,0.048846,0.047311,0.031699,0.033098,0.031920,0.033638,0.035100,0.036389,0.040296,0.059175
0.047949,0.051395,0.048853,0.047166,0.031575,0.032915,0.032050,0.033524,0.035369,0.036294,0.040230,0.058849
0.047870,0.051329,0.048928,0.047333,0.031721,0.032886,0.032185,0.033366,0.035223,0.036231,0.040293,0.059127
0.047823,0.051376,0.048881,0.047251,0.031850,0.032867,0.032011,0.033373,0.035075,0.036124,0.040302,0.058900
0.047845,0.051054,0.048963,0.047302,0.031749,0.032975,0.031724,0.033398,0.034952,0.036266,0.040088,0.059175
0.048231,0.051165,0.049099,0.047315,0.031614,0.033224,0.032005,0.033054,0.035037,0.036199,0.040176,0.058950
0.047997,0.051010,0.048846,0.047286,0.031677,0.032956,0.032141,0.033341,0.035044,0.036607,0.040223,0.059418
0.048010,0.050827,0.048840,0.047400,0.031418,0.032798,0.031929,0.033382,0.034971,0.036045,0.040110,0.058916
0.048012,0.051133,0.048935,0.047371,0.031525,0.033063,0.031980,0.033547,0.035274,0.036364,0.040056,0.059184
0.048104,0.051421,0.048837,0.047605,0.031696,0.032782,0.031958,0.033098,0.034930,0.036291,0.040167,0.058998
0.047908,0.051367,0.048982,0.047248,0.031964,0.033038,0.032052,0.033477,0.035040,0.036218,0.040328,0.059437
0.048003,0.051064,0.048979,0.047489,0.031739,0.032947,0.032103,0.033518,0.035116,0.036162,0.039987,0.059087
0.048066,0.051240,0.048951,0.047406,0.031667,0.032750,0.031913,0.033376,0.035003,0.036035,0.040167,0.059175
0.048420,0.051320,0.048976,0.047191,0.031806,0.032883,0.032103,0.033376,0.034971,0.036389,0.040281,0.058969
0.047892,0.051180,0.048805,0.047482,0.031418,0.032697,0.031872,0.033231,0.035003,0.036276,0.040293,0.059064
0.047908,0.050988,0.048492,0.046983,0.031525,0.032324,0.031304,0.032782,0.034036,0.034965,0.038708,0.056942
0.045533,0.047997,0.045388,0.043875,0.029058,0.029885,0.028900,0.029551,0.031048,0.032293,0.036076,0.053926
0.041367,0.044500,0.041917,0.040663,0.027324,0.028632,0.027545,0.028720,0.030059,0.031604,0.035091,0.054153
0.041240,0.043758,0.041828,0.040581,0.027466,0.028487,0.027807,0.028887,0.030236,0.031307,0.035343,0.054459
0.041402,0.043976,0.041427,0.041120,0.027637,0.028976,0.028041,0.028764,0.030205,0.031730,0.035871,0.054557
0.041291,0.044052,0.041778,0.040644,0.027779,0.029109,0.027968,0.028518,0.030546,0.031775,0.035735,0.054712
0.041240,0.043957,0.041698,0.040824,0.028139,0.029153,0.027896,0.028477,0.030198,0.031657,0.035259,0.054924
0.041455,0.044191,0.041547,0.040818,0.028048,0.029308,0.027792,0.028843,0.030290,0.031711,0.035669,0.054854
0.041553,0.044266,0.041531,0.040656,0.028303,0.029273,0.027754,0.028954,0.030527,0.031749,0.035334,0.054699
0.041702,0.044033,0.042207,0.040735,0.027940,0.029384,0.027908,0.028926,0.030546,0.031566,0.035498,0.055110
0.041373,0.044112,0.041490,0.040944,0.028158,0.029134,0.028180,0.029125,0.030397,0.031879,0.035565,0.055034
0.041240,0.044191,0.041778,0.041095,0.027852,0.029153,0.028142,0.028928,0.030239,0.031721,0.035580,0.055305
0.041361,0.044102,0.041841,0.040877,0.027953,0.029390,0.028149,0.029203,0.030312,0.031835,0.035587,0.054879
0.041648,0.044105,0.041970,0.040691,0.027949,0.029330,0.028167,0.029068,0.030353,0.031642,0.035713,0.055037
0.041288,0.043969,0.041834,0.040448,0.027889,0.029769,0.028167,0.029260,0.030571,0.031610,0.035760,0.055274
0.041680,0.044178,0.041670,0.040782,0.028164,0.029188,0.028310,0.029254,0.030439,0.031872,0.035969,0.055281
0.041601,0.043944,0.041553,0.040704,0.028167,0.029380,0.028215,0.028954,0.030325,0.031790,0.035451,0.055151
0.041604,0.044399,0.041932,0.040584,0.028142,0.029453,0.027801,0.028730,0.030252,0.031872,0.035641,0.054933
