0.042441,0.044399,0.042135,0.041506,0.028256,0.029633,0.028850,0.029349,0.030890,0.032154,0.035874,0.055776
0.042419,0.044033,0.042283,0.041281,0.028164,0.029529,0.028325,0.029292,0.030938,0.032091,0.035704,0.055745
0.042371,0.044399,0.042223,0.041446,0.028123,0.029611,0.028796,0.029393,0.030934,0.032052,0.036023,0.055707
0.042163,0.044504,0.042343,0.041329,0.028442,0.029513,0.028727,0.029396,0.030726,0.031961,0.035628,0.055650
0.042602,0.044526,0.042195,0.041452,0.028221,0.029583,0.028998,0.029364,0.030887,0.032352,0.035739,0.055681
0.042368,0.044560,0.042368,0.041133,0.028679,0.029813,0.028446,0.029333,0.030852,0.032169,0.035878,0.055467
0.042311,0.044472,0.042245,0.041503,0.028278,0.029642,0.028405,0.029494,0.030695,0.032356,0.035915,0.055855
0.042491,0.044551,0.042106,0.041512,0.027997,0.029586,0.028641,0.029273,0.030896,0.032078,0.035868,0.055802
0.042589,0.044289,0.042081,0.041383,0.028275,0.029579,0.028733,0.029166,0.030777,0.032315,0.035900,0.055599
0.042494,0.044384,0.042131,0.041329,0.028420,0.029630,0.028410,0.029121,0.030928,0.031885,0.035982,0.055634
0.042299,0.044251,0.042033,0.041677,0.028098,0.029924,0.028632,0.029362,0.030760,0.032068,0.036285,0.055726
0.042479,0.044317,0.042286,0.041459,0.028496,0.029583,0.028654,0.029068,0.030695,0.031910,0.036146,0.055707
0.042333,0.044371,0.042513,0.041092,0.027908,0.029848,0.028745,0.029308,0.030840,0.031995,0.035574,0.055836
0.042494,0.044285,0.042289,0.041566,0.028221,0.030056,0.028521,0.029472,0.030837,0.031847,0.035818,0.055647
0.042040,0.044421,0.041980,0.041591,0.028528,0.029702,0.028790,0.029352,0.030909,0.032400,0.036136,0.055612
0.042296,0.044468,0.042087,0.041496,0.028130,0.029624,0.028771,0.029412,0.030906,0.032378,0.035849,0.055840
0.042204,0.044690,0.042113,0.041263,0.028180,0.029390,0.028938,0.029308,0.030777,0.032074,0.035644,0.055899
0.042438,0.044526,0.042419,0.041354,0.028278,0.029450,0.028626,0.029466,0.030549,0.032096,0.035795,0.055650
0.042586,0.044396,0.042242,0.041197,0.028458,0.029586,0.028575,0.029475,0.031130,0.032056,0.035915,0.055353
0.042371,0.044535,0.042371,0.041638,0.028171,0.029576,0.028774,0.029339,0.030963,0.032128,0.036193,0.055628
0.042608,0.044835,0.042115,0.041601,0.028142,0.029601,0.028727,0.029415,0.031156,0.032081,0.035859,0.055615
0.042384,0.044548,0.041926,0.041367,0.028613,0.029456,0.028704,0.029030,0.030833,0.031977,0.035843,0.055780
0.042046,0.044507,0.042283,0.041560,0.028379,0.029674,0.028752,0.029345,0.030900,0.032119,0.035827,0.055722
0.042245,0.044343,0.042324,0.041114,0.028224,0.029522,0.028420,0.029210,0.030909,0.031926,0.036042,0.055817
0.042684,0.044374,0.042169,0.041342,0.028543,0.029756,0.028736,0.029311,0.031098,0.032046,0.035754,0.055972
0.042375,0.044403,0.042119,0.041260,0.028300,0.029491,0.028790,0.029235,0.031098,0.031857,0.035925,0.055868
0.042428,0.044415,0.042412,0.041364,0.027934,0.029273,0.028439,0.029497,0.030697,0.032043,0.035792,0.055754
0.042453,0.044260,0.042236,0.041402,0.028164,0.029510,0.028537,0.029314,0.031045,0.032096,0.035912,0.055899
0.042352,0.044374,0.042125,0.041446,0.028559,0.029548,0.028572,0.029049,0.031013,0.032387,0.036165,0.055341
0.042520,0.044478,0.042315,0.041136,0.028487,0.029725,0.028578,0.029197,0.030827,0.031923,0.035852,0.055741
0.042302,0.044390,0.042318,0.041240,0.028139,0.029482,0.028853,0.029541,0.030843,0.032087,0.035799,0.055909
0.042214,0.044323,0.041942,0.041500,0.028306,0.029737,0.028638,0.029219,0.030726,0.031942,0.035937,0.055776
0.042435,0.044358,0.042144,0.041629,0.028275,0.029810,0.028610,0.029238,0.030773,0.031670,0.035650,0.055780
0.042517,0.044285,0.041945,0.041272,0.028347,0.029412,0.028540,0.029384,0.030786,0.032072,0.035741,0.055584
0.042612,0.044671,0.042239,0.041298,0.028291,0.029712,0.028610,0.029620,0.030925,0.032087,0.035808,0.055881
0.042195,0.044579,0.042197,0.041468,0.028468,0.029551,0.028594,0.029532,0.030855,0.031967,0.036026,0.055571
0.042656,0.044481,0.042280,0.041743,0.028243,0.029921,0.028834,0.029861,0.031351,0.032779,0.036907,0.055922
0.043752,0.046304,0.044112,0.043638,0.029510,0.030846,0.030211,0.031939,0.033584,0.035318,0.038824,0.057450
0.047526,0.050173,0.048171,0.046910,0.031238,0.032653,0.032334,0.033193,0.035148,0.036465,0.040063,0.058139
0.048831,0.050978,0.048752,0.047416,0.031809,0.033256,0.031989,0.033433,0.035473,0.036228,0.039718,0.058505
0.048698,0.051225,0.048698,0.047245,0.031768,0.033174,0.031989,0.033774,0.035574,0.036313,0.040059,0.058508
0.048935,0.051086,0.048499,0.047409,0.031553,0.032927,0.032135,0.033543,0.035375,0.036228,0.040050,0.058777
0.048632,0.051424,0.048644,0.047520,0.031496,0.033303,0.031866,0.033427,0.035495,0.036497,0.040021,0.058593
0.048799,0.050782,0.048666,0.047491,0.031358,0.033253,0.032033,0.033695,0.035255,0.036411,0.039949,0.058253
0.048527,0.051092,0.048511,0.047337,0.031841,0.032855,0.031775,0.033455,0.035401,0.036386,0.039810,0.058550
0.048647,0.051158,0.048382,0.047245,0.031784,0.032937,0.032154,0.033531,0.035324,0.036209,0.039908,0.058818
0.048461,0.051298,0.048388,0.047242,0.031433,0.032968,0.031879,0.033654,0.035707,0.036639,0.040116,0.058840
0.048414,0.051038,0.048237,0.047501,0.031569,0.032896,0.032050,0.033506,0.035069,0.036421,0.039946,0.058815
0.048730,0.051149,0.048603,0.047299,0.031664,0.033272,0.032245,0.033234,0.035599,0.036607,0.040261,0.058973
0.048562,0.051143,0.048414,0.047258,0.031566,0.032921,0.032182,0.033512,0.035360,0.036421,0.039980,0.058818
0.048720,0.051212,0.048262,0.047381,0.031645,0.033120,0.032176,0.033679,0.035318,0.036380,0.039731,0.058900
0.048963,0.050900,0.048451,0.047220,0.031364,0.032984,0.032236,0.033559,0.035429,0.036610,0.040012,0.058546
0.048628,0.051187,0.048572,0.047321,0.031500,0.033003,0.032128,0.033547,0.035464,0.036310,0.040160,0.058559
0.048736,0.051064,0.048388,0.047621,0.031257,0.033085,0.032293,0.033297,0.035356,0.036279,0.040015,0.058853
0.048695,0.051190,0.048552,0.047491,0.031835,0.033183,0.032277,0.033885,0.035539,0.036225,0.039866,0.058808
0.048973,0.051111,0.048616,0.047229,0.031575,0.032792,0.032014,0.033369,0.035022,0.036430,0.040274,0.058676
0.048575,0.051197,0.048474,0.047577,0.031443,0.033120,0.032438,0.033603,0.035442,0.036655,0.040021,0.058442
0.048733,0.051250,0.048332,0.047491,0.031661,0.032640,0.031853,0.033651,0.035382,0.036323,0.040214,0.058644
0.048704,0.051165,0.048489,0.047119,0.031556,0.032719,0.032179,0.033657,0.035461,0.036373,0.039791,0.058967
0.048676,0.051272,0.048407,0.047150,0.031528,0.032956,0.032018,0.033493,0.035284,0.036553,0.040056,0.058673
0.048509,0.050944,0.048717,0.047371,0.031895,0.032953,0.031955,0.033588,0.035347,0.036544,0.040078,0.058770
0.048846,0.051247,0.048398,0.047870,0.031427,0.032858,0.032188,0.033865,0.035379,0.036298,0.040201,0.058770
0.048470,0.050975,0.048540,0.047457,0.031544,0.033133,0.032040,0.033562,0.035186,0.036310,0.040151,0.058862
0.048041,0.051165,0.049396,0.047356,0.031771,0.032937,0.031822,0.033275,0.034706,0.035802,0.040239,0.059263
0.046838,0.050877,0.050283,0.047513,0.031967,0.033262,0.031515,0.033483,0.035047,0.036108,0.040211,0.059042
0.046629,0.051184,0.050388,0.047874,0.031825,0.033379,0.031800,0.033407,0.034861,0.035956,0.040593,0.058922
0.046882,0.051323,0.050059,0.047697,0.031677,0.032997,0.031670,0.033010,0.035091,0.036367,0.040160,0.059017
0.046677,0.051234,0.050088,0.047419,0.031680,0.033031,0.031778,0.033139,0.034475,0.036386,0.040132,0.058818
0.046926,0.051203,0.050028,0.047498,0.032014,0.032776,0.031816,0.033085,0.035129,0.036250,0.040644,0.058998
0.046929,0.051262,0.050119,0.048076,0.032103,0.032975,0.031752,0.033190,0.035056,0.036266,0.040179,0.058995
0.046683,0.051174,0.050053,0.047735,0.031651,0.033010,0.031648,0.033164,0.035151,0.036067,0.040063,0.059137
0.046781,0.051234,0.050268,0.047466,0.031809,0.033186,0.031790,0.032940,0.034914,0.036471,0.040205,0.059279
0.046844,0.051452,0.050132,0.047602,0.031689,0.033205,0.031702,0.033114,0.035053,0.036310,0.040461,0.059339
0.046866,0.051143,0.049984,0.047618,0.031752,0.032978,0.031825,0.033038,0.034779,0.036266,0.040233,0.058897
0.046730,0.051452,0.050085,0.047937,0.031809,0.033265,0.031822,0.033319,0.034889,0.036424,0.040385,0.059374
0.046967,0.051231,0.050271,0.047851,0.032002,0.033243,0.031822,0.033076,0.034781,0.035941,0.040034,0.059121
0.046471,0.051458,0.050028,0.047485,0.032011,0.032709,0.031585,0.033076,0.035022,0.036165,0.040034,0.058840
0.047128,0.051351,0.050138,0.047706,0.031790,0.032968,0.031787,0.033057,0.034779,0.036399,0.040047,0.058963
0.047255,0.051452,0.049829,0.047791,0.031693,0.033205,0.032248,0.033196,0.035223,0.036594,0.040154,0.058871
0.048509,0.051326,0.048436,0.047131,0.031500,0.033012,0.032330,0.033692,0.035372,0.036414,0.039962,0.058935
0.048812,0.051111,0.048445,0.047539,0.031693,0.032937,0.032084,0.033619,0.035293,0.036582,0.040091,0.058707
0.048591,0.051209,0.048578,0.047182,0.031803,0.033003,0.032441,0.033272,0.035037,0.036276,0.040290,0.058726
0.048363,0.051114,0.048278,0.047223,0.031831,0.033101,0.032236,0.033496,0.035467,0.036377,0.039762,0.058834
0.048808,0.051515,0.048673,0.047166,0.031399,0.033174,0.032008,0.033667,0.035324,0.036563,0.040230,0.058742
0.048338,0.051294,0.048521,0.047188,0.031206,0.033294,0.032103,0.033654,0.035078,0.036462,0.040053,0.059330
0.048701,0.050953,0.048253,0.046951,0.031891,0.033120,0.032236,0.033726,0.035448,0.036547,0.039835,0.058928
0.048878,0.051171,0.048448,0.047365,0.031907,0.033171,0.032277,0.033764,0.035492,0.036629,0.040274,0.059326
0.048635,0.051225,0.048518,0.047371,0.031522,0.032776,0.032204,0.033468,0.035141,0.036481,0.039936,0.059061
0.048777,0.051136,0.048234,0.047292,0.031443,0.032959,0.032365,0.033363,0.035343,0.036677,0.039977,0.058982
0.048461,0.051212,0.048391,0.047308,0.031664,0.033221,0.031872,0.033606,0.035271,0.036607,0.040012,0.059298
0.048771,0.051256,0.048578,0.047318,0.031891,0.033221,0.032236,0.033506,0.035464,0.036629,0.040072,0.059162
0.048290,0.051339,0.048575,0.047589,0.031440,0.033395,0.032352,0.033638,0.035157,0.036790,0.040252,0.059121
0.048815,0.051048,0.048584,0.047128,0.031553,0.032965,0.031948,0.033752,0.035407,0.036332,0.040157,0.058922
0.048575,0.051042,0.048477,0.047220,0.031822,0.033012,0.031967,0.033701,0.035379,0.036389,0.039999,0.058837
0.048417,0.051225,0.048537,0.047494,0.031800,0.033104,0.032460,0.033805,0.035116,0.036594,0.039936,0.058989
0.048960,0.050947,0.048306,0.047709,0.031531,0.033038,0.032031,0.033651,0.035391,0.036174,0.040107,0.058865
0.048265,0.051288,0.048492,0.047444,0.031440,0.032968,0.032236,0.033660,0.035435,0.036683,0.040179,0.059137
0.048802,0.051133,0.048673,0.047485,0.031522,0.033139,0.032103,0.033518,0.035246,0.036591,0.040119,0.058960
0.048300,0.051342,0.048591,0.047267,0.031696,0.033208,0.032220,0.033805,0.035650,0.036506,0.040277,0.059143
0.048973,0.051171,0.048603,0.047409,0.031487,0.033073,0.032334,0.033424,0.035517,0.036639,0.040122,0.058834
0.048736,0.051240,0.048344,0.047539,0.031771,0.033208,0.031939,0.033711,0.035517,0.036509,0.039832,0.058973
0.048647,0.051661,0.048379,0.047245,0.031626,0.032959,0.032122,0.033534,0.035379,0.036607,0.040132,0.058875
0.048433,0.051376,0.048423,0.047397,0.031493,0.033060,0.032242,0.033606,0.035343,0.036626,0.039889,0.059017
0.048480,0.051240,0.048487,0.047434,0.031484,0.033208,0.032229,0.033644,0.035514,0.036629,0.040135,0.058906
0.048679,0.051051,0.048379,0.047308,0.031936,0.033171,0.032242,0.033433,0.035514,0.036512,0.040208,0.058995
0.048720,0.051256,0.048489,0.047178,0.031759,0.033164,0.032182,0.033483,0.035789,0.036639,0.040009,0.059172
0.048613,0.051238,0.048622,0.047119,0.031645,0.033006,0.032242,0.033521,0.035138,0.036421,0.040363,0.059475
0.047851,0.051421,0.049396,0.047457,0.031825,0.032943,0.031699,0.033212,0.034813,0.036134,0.040350,0.059058
0.046197,0.051408,0.050909,0.047883,0.031917,0.033076,0.031285,0.032672,0.034649,0.036105,0.040492,0.059121
0.045186,0.051329,0.051477,0.047690,0.031895,0.032947,0.031146,0.032151,0.034308,0.036124,0.040078,0.059288
0.044724,0.051373,0.051680,0.047975,0.032312,0.032867,0.031098,0.032444,0.034690,0.035963,0.040167,0.059266
0.045053,0.051427,0.051418,0.047946,0.032031,0.032833,0.030896,0.032763,0.034630,0.035900,0.040281,0.058831
0.044914,0.051215,0.051376,0.047567,0.031797,0.033107,0.031342,0.032975,0.034314,0.035666,0.040218,0.059140
0.044819,0.051206,0.051648,0.047874,0.031759,0.032848,0.031032,0.032590,0.034440,0.035717,0.040088,0.059001
0.045056,0.051367,0.051585,0.047870,0.031920,0.033164,0.030994,0.032542,0.034352,0.035799,0.040319,0.058919
0.045126,0.051298,0.051705,0.047874,0.031958,0.032981,0.031042,0.032766,0.034304,0.035849,0.040274,0.059298
0.045148,0.051269,0.051430,0.047697,0.032002,0.033208,0.031301,0.032650,0.034380,0.036045,0.040059,0.059270
0.045072,0.051383,0.051879,0.048148,0.032154,0.032826,0.031083,0.032605,0.034491,0.035862,0.040044,0.059032
0.045186,0.051310,0.051250,0.047788,0.031932,0.033082,0.030783,0.032947,0.034497,0.035878,0.040296,0.059345
0.045186,0.051354,0.051430,0.047924,0.032008,0.032908,0.031218,0.032807,0.034090,0.035669,0.040365,0.059326
0.044784,0.051180,0.051525,0.047595,0.032062,0.033145,0.031108,0.032571,0.034658,0.035931,0.040486,0.059036
0.044908,0.051184,0.051674,0.047791,0.031989,0.033104,0.030953,0.032908,0.034601,0.035830,0.040347,0.059181
0.044927,0.051547,0.051619,0.048019,0.031879,0.033139,0.031430,0.032659,0.034595,0.035799,0.040372,0.059061
0.045407,0.051086,0.050479,0.048010,0.031816,0.033186,0.031392,0.033234,0.034728,0.036228,0.040246,0.059102
0.046806,0.051364,0.049927,0.047340,0.031484,0.032820,0.031633,0.033262,0.035025,0.036383,0.040214,0.058957
0.048133,0.051146,0.048448,0.047182,0.031674,0.033041,0.032119,0.033499,0.035186,0.036320,0.040107,0.058720
0.048442,0.050953,0.048647,0.047346,0.031519,0.033180,0.031898,0.033540,0.035609,0.036411,0.039883,0.058926
0.048338,0.051149,0.048300,0.047128,0.031812,0.032829,0.032343,0.033786,0.035432,0.036436,0.040407,0.058692
0.048464,0.051389,0.048515,0.047299,0.031437,0.032851,0.031869,0.033660,0.035451,0.036575,0.039838,0.058514
0.048846,0.051070,0.048559,0.047378,0.031541,0.032744,0.031920,0.033550,0.035366,0.036386,0.040179,0.058834
0.048265,0.051323,0.048439,0.047434,0.031812,0.032706,0.031825,0.033622,0.035546,0.036446,0.040167,0.058723
0.048663,0.051108,0.048369,0.047299,0.031351,0.033215,0.032226,0.033547,0.035306,0.036421,0.039885,0.058789
0.048521,0.051086,0.048243,0.047422,0.031920,0.033094,0.032185,0.033805,0.035498,0.036544,0.039993,0.059004
0.048695,0.051487,0.048565,0.047154,0.031456,0.032769,0.031942,0.033464,0.035413,0.036528,0.040097,0.058780
0.048644,0.051171,0.048240,0.047204,0.031629,0.033300,0.031872,0.033354,0.035242,0.036531,0.040047,0.058748
0.048445,0.050903,0.048265,0.047115,0.031680,0.032886,0.031995,0.033711,0.035407,0.036263,0.040201,0.058615
0.048644,0.051146,0.048527,0.047416,0.031655,0.033152,0.032188,0.033676,0.035508,0.036354,0.040110,0.058948
0.048461,0.051035,0.048451,0.047315,0.031614,0.033063,0.032122,0.033531,0.035596,0.036601,0.040012,0.059175
0.048843,0.051275,0.048278,0.047406,0.031509,0.032912,0.032365,0.033474,0.035498,0.036651,0.040283,0.059175
0.048581,0.051184,0.048265,0.047362,0.031794,0.033082,0.032286,0.033651,0.035135,0.036743,0.040170,0.058846
0.048600,0.051256,0.048193,0.047457,0.031474,0.032953,0.032210,0.033720,0.035059,0.036635,0.040006,0.059008
0.048572,0.051045,0.048689,0.047163,0.031519,0.033420,0.032387,0.033556,0.035672,0.036418,0.039892,0.059162
0.048805,0.051209,0.048354,0.047431,0.031553,0.032981,0.032096,0.033474,0.035426,0.036279,0.039702,0.058470
0.048635,0.051007,0.048278,0.047210,0.031655,0.032883,0.031910,0.033306,0.035385,0.036455,0.039996,0.059112
0.048622,0.051443,0.048496,0.047267,0.031775,0.032947,0.032103,0.033739,0.035179,0.036582,0.039949,0.059181
0.048572,0.051111,0.048316,0.047371,0.031645,0.032975,0.032059,0.033531,0.035261,0.036506,0.040249,0.058846
0.048919,0.051000,0.048167,0.047321,0.031588,0.032848,0.032270,0.033742,0.035423,0.036361,0.040135,0.059093
0.048875,0.051016,0.048663,0.047286,0.031648,0.032738,0.032163,0.033512,0.035331,0.036544,0.040078,0.059004
0.048509,0.051190,0.048635,0.047081,0.031771,0.032836,0.032132,0.033581,0.035300,0.036515,0.039968,0.058856
0.048632,0.051111,0.048284,0.047340,0.031478,0.033158,0.032583,0.033455,0.035672,0.036614,0.040025,0.058799
0.048884,0.051279,0.048480,0.047378,0.031686,0.033319,0.032286,0.033739,0.035334,0.036395,0.039844,0.058894
0.048834,0.051152,0.048227,0.047412,0.031633,0.032934,0.032229,0.033613,0.035379,0.036481,0.040170,0.059153
0.048644,0.051117,0.048780,0.047561,0.031948,0.032450,0.032011,0.033509,0.035508,0.036541,0.040385,0.059301
0.047915,0.051294,0.049266,0.047627,0.032214,0.033060,0.031762,0.033205,0.034816,0.036294,0.040283,0.059263
0.046187,0.051253,0.050726,0.047567,0.031964,0.033168,0.030896,0.033000,0.034415,0.035909,0.040319,0.058960
0.044077,0.051120,0.052090,0.047848,0.031803,0.032949,0.030672,0.032052,0.034068,0.035511,0.040107,0.058824
0.043202,0.050988,0.052694,0.048060,0.031730,0.032788,0.030397,0.031901,0.033707,0.035514,0.040246,0.059266
0.042905,0.051029,0.052441,0.048038,0.031551,0.033215,0.030508,0.032008,0.033768,0.035565,0.040230,0.059074
0.043344,0.050909,0.052535,0.048051,0.031635,0.032893,0.030220,0.032195,0.033755,0.035641,0.040075,0.059010
0.043224,0.051440,0.052763,0.047833,0.031917,0.033063,0.030669,0.032119,0.033600,0.035795,0.040129,0.059431
0.043158,0.051367,0.052640,0.048041,0.031629,0.032867,0.030777,0.032059,0.033868,0.035641,0.040208,0.059143
0.043167,0.051193,0.052545,0.048000,0.031449,0.032697,0.030319,0.032052,0.033945,0.035653,0.040353,0.058651
0.043092,0.051247,0.052993,0.048063,0.031964,0.032918,0.030539,0.032160,0.033954,0.035906,0.039898,0.058692
0.043202,0.051240,0.052659,0.047911,0.031746,0.032880,0.030454,0.031872,0.033622,0.035681,0.040271,0.058827
0.043231,0.051108,0.052886,0.047829,0.031721,0.032798,0.030546,0.032223,0.034159,0.035754,0.039861,0.059216
0.043382,0.051130,0.052690,0.048111,0.031907,0.032988,0.030486,0.032074,0.033862,0.035644,0.040290,0.059099
0.043164,0.051373,0.052520,0.048145,0.031730,0.032988,0.030546,0.031920,0.033935,0.036016,0.040198,0.059298
0.043231,0.051168,0.052738,0.047804,0.031657,0.032908,0.030770,0.031923,0.033976,0.035382,0.040268,0.059058
0.042959,0.051130,0.052535,0.047807,0.031778,0.032814,0.030435,0.032093,0.034042,0.036007,0.040025,0.059500
0.043499,0.051073,0.052614,0.047842,0.031601,0.032918,0.030439,0.032059,0.034225,0.035580,0.040489,0.059187
0.043859,0.051623,0.052213,0.047810,0.031973,0.033101,0.030931,0.032586,0.034601,0.035931,0.040239,0.059247
0.045296,0.051462,0.050950,0.047833,0.032087,0.033142,0.031364,0.033161,0.035151,0.036317,0.039999,0.059109
0.047305,0.051228,0.049339,0.047526,0.031756,0.032981,0.032087,0.033499,0.034936,0.036474,0.040097,0.058644
0.048366,0.051279,0.048404,0.047166,0.031127,0.033136,0.032115,0.033575,0.035369,0.036301,0.039781,0.058837
0.048509,0.050959,0.048126,0.047343,0.031635,0.032788,0.032242,0.033588,0.035429,0.036591,0.040009,0.058761
0.048720,0.051038,0.048382,0.047299,0.031575,0.033357,0.031923,0.033625,0.035337,0.036462,0.039939,0.058824
0.048395,0.051199,0.048313,0.047352,0.031440,0.033025,0.032192,0.033569,0.035461,0.036424,0.040009,0.058720
0.048575,0.050918,0.048477,0.047337,0.031604,0.033057,0.032330,0.033846,0.035300,0.036614,0.040167,0.059026
0.048771,0.051357,0.048385,0.047154,0.031556,0.032965,0.032264,0.033619,0.035091,0.036373,0.039801,0.058865
0.048799,0.051269,0.048243,0.047539,0.031443,0.033155,0.032056,0.033783,0.035697,0.036335,0.040230,0.059023
0.048941,0.051269,0.048414,0.047308,0.031222,0.033031,0.032346,0.033553,0.035173,0.036250,0.040053,0.059032
0.048714,0.051367,0.048625,0.047460,0.031724,0.033025,0.032087,0.033300,0.035429,0.036657,0.039848,0.059004
0.048733,0.051477,0.048300,0.047419,0.031670,0.032918,0.032267,0.033758,0.035031,0.036361,0.039974,0.059140
0.048610,0.051215,0.048733,0.047605,0.031635,0.033029,0.032223,0.033843,0.035331,0.036515,0.039895,0.058543
0.048774,0.051114,0.048347,0.047375,0.031597,0.033111,0.032368,0.033559,0.035574,0.036433,0.039844,0.058849
0.048575,0.051320,0.048369,0.047106,0.031771,0.033073,0.031872,0.033550,0.035255,0.036790,0.039958,0.058660
0.048606,0.051133,0.048433,0.047485,0.031674,0.033006,0.032236,0.033812,0.035593,0.036380,0.039984,0.058660
0.048496,0.050906,0.048313,0.047333,0.031534,0.033347,0.032204,0.033818,0.035382,0.036424,0.040192,0.059010
0.048527,0.051256,0.048556,0.047390,0.031648,0.033199,0.032115,0.033572,0.035179,0.036276,0.040100,0.058931
0.048745,0.051079,0.048546,0.047539,0.031683,0.033041,0.032166,0.033433,0.035227,0.036440,0.039920,0.059039
0.048720,0.051515,0.048515,0.047299,0.031443,0.033205,0.032160,0.033553,0.035410,0.036418,0.040252,0.058884
0.048676,0.051076,0.048391,0.047296,0.031674,0.033300,0.032248,0.033657,0.035413,0.036515,0.039857,0.058931
0.048606,0.051310,0.048451,0.047571,0.031437,0.033250,0.032289,0.033588,0.035571,0.036544,0.040145,0.059143
0.048480,0.051465,0.048319,0.047321,0.031610,0.032927,0.031872,0.033616,0.035539,0.036556,0.040110,0.058881
0.048755,0.050969,0.048404,0.047406,0.031633,0.033174,0.032242,0.033685,0.035527,0.036683,0.039996,0.059014
0.048509,0.051228,0.048552,0.047188,0.031575,0.032988,0.032100,0.033575,0.035669,0.036269,0.040034,0.059058
0.048685,0.051206,0.048518,0.047321,0.031405,0.032962,0.032119,0.033793,0.034779,0.036620,0.039797,0.058831
0.048761,0.051045,0.048183,0.047491,0.031143,0.033098,0.032318,0.033581,0.035268,0.036673,0.039949,0.059102
0.048796,0.050931,0.048518,0.047428,0.031614,0.032858,0.031948,0.033768,0.035543,0.036904,0.040059,0.059032
0.048704,0.051076,0.048366,0.047201,0.031531,0.033094,0.032113,0.033373,0.035236,0.036743,0.040091,0.059206
0.048663,0.051013,0.048224,0.047166,0.031693,0.032811,0.032115,0.033600,0.035536,0.036263,0.040021,0.059049
0.047583,0.051496,0.049172,0.047542,0.031781,0.032908,0.031778,0.033205,0.035104,0.036421,0.040145,0.059364
0.045773,0.051238,0.051405,0.047612,0.031923,0.033158,0.030963,0.032387,0.034011,0.035912,0.040129,0.058805
0.043167,0.051389,0.052517,0.048060,0.031951,0.032927,0.029993,0.031582,0.033594,0.035483,0.039731,0.058948
0.041869,0.051203,0.053029,0.047804,0.031478,0.032494,0.029712,0.031411,0.033420,0.035322,0.040053,0.058619
0.041487,0.050760,0.053158,0.048133,0.031449,0.032485,0.029902,0.031572,0.033493,0.035072,0.040012,0.058926
0.041430,0.051048,0.053256,0.048104,0.031165,0.032735,0.029851,0.031307,0.033578,0.035211,0.040044,0.059311
0.041566,0.051029,0.053152,0.048152,0.031351,0.032719,0.029731,0.031481,0.033442,0.035025,0.040069,0.058969
0.041332,0.050941,0.053259,0.048028,0.031411,0.032549,0.029861,0.031592,0.033502,0.035239,0.039999,0.058865
0.041512,0.050805,0.053094,0.048167,0.031253,0.032561,0.029968,0.031633,0.033584,0.035233,0.039756,0.059200
0.041493,0.050978,0.053237,0.048101,0.031414,0.032545,0.029803,0.031323,0.033594,0.035489,0.039810,0.059235
0.041638,0.051133,0.053464,0.048073,0.031762,0.032757,0.030006,0.031478,0.033347,0.035135,0.039898,0.059219
0.041500,0.051007,0.053388,0.048019,0.031500,0.032864,0.029760,0.031771,0.033648,0.035255,0.039930,0.059093
0.041411,0.051054,0.053322,0.048085,0.031500,0.032719,0.029898,0.031680,0.033234,0.034977,0.039538,0.058950
0.041342,0.050931,0.053196,0.048152,0.031626,0.032605,0.029835,0.031645,0.033629,0.035388,0.040126,0.059178
0.041421,0.051133,0.053489,0.048057,0.031446,0.032738,0.030078,0.031509,0.033543,0.035492,0.039879,0.059134
0.041550,0.051130,0.053322,0.048158,0.031456,0.032530,0.029826,0.031670,0.033250,0.035413,0.039791,0.059200
0.041294,0.050868,0.053130,0.048000,0.031551,0.032855,0.029803,0.031531,0.033537,0.035189,0.039946,0.059544
0.041803,0.051073,0.053123,0.048114,0.031784,0.032773,0.030442,0.031566,0.033629,0.035423,0.040113,0.059330
0.042583,0.050808,0.052712,0.047877,0.031980,0.032971,0.030366,0.032312,0.034188,0.035789,0.039971,0.059443
0.044608,0.051399,0.051436,0.047529,0.031525,0.033082,0.031433,0.032990,0.035094,0.036209,0.040164,0.059020
0.046910,0.051032,0.049510,0.047681,0.031686,0.032776,0.031977,0.033376,0.035186,0.036471,0.039987,0.058985
0.048338,0.050799,0.048123,0.047381,0.031468,0.033073,0.032277,0.033717,0.035590,0.036696,0.039829,0.058897
0.048818,0.051136,0.048133,0.047406,0.031474,0.033199,0.032204,0.033752,0.035539,0.036597,0.039516,0.058704
0.048543,0.051174,0.048010,0.047359,0.031383,0.033202,0.032283,0.033382,0.035369,0.036348,0.040110,0.058938
0.048714,0.051095,0.048070,0.047371,0.031430,0.033073,0.032109,0.033578,0.035423,0.036572,0.040201,0.059288
0.048550,0.051057,0.048385,0.047103,0.031395,0.033060,0.032043,0.033635,0.035659,0.036607,0.039876,0.059032
0.048670,0.051158,0.048145,0.047327,0.031490,0.033035,0.032201,0.033515,0.035558,0.036572,0.039898,0.058926
0.049115,0.051256,0.048167,0.047141,0.031538,0.033063,0.031784,0.033875,0.035186,0.036449,0.039728,0.058660
0.048613,0.051345,0.048082,0.047207,0.031433,0.033547,0.032103,0.033644,0.035618,0.036850,0.040119,0.058903
0.048758,0.051057,0.048240,0.047131,0.031853,0.032782,0.032220,0.033695,0.035675,0.036809,0.040334,0.059032
0.048730,0.050881,0.048076,0.047147,0.031301,0.032902,0.032093,0.033881,0.035587,0.036876,0.040059,0.058818
0.048433,0.051127,0.047924,0.047457,0.031313,0.033186,0.032390,0.033613,0.035353,0.036787,0.039993,0.058805
0.048666,0.051105,0.048092,0.047261,0.031683,0.032757,0.032289,0.033780,0.035612,0.036721,0.039788,0.058834
0.048682,0.051032,0.048243,0.047011,0.031512,0.032968,0.032166,0.033281,0.035502,0.036942,0.039820,0.058894
0.048824,0.051193,0.048369,0.047318,0.031635,0.033089,0.032147,0.033717,0.035331,0.036926,0.039813,0.058748
0.048900,0.050922,0.048287,0.047217,0.031512,0.033208,0.032031,0.033613,0.035306,0.036734,0.039987,0.058821
0.048733,0.051051,0.048407,0.047137,0.031383,0.032962,0.031752,0.033755,0.035754,0.036433,0.039639,0.058439
0.048511,0.050900,0.048297,0.047166,0.031471,0.033136,0.032378,0.033515,0.035637,0.036493,0.039791,0.059216
0.048492,0.051203,0.048243,0.047096,0.031421,0.032921,0.032056,0.033515,0.035394,0.036633,0.040126,0.058843
0.048805,0.050754,0.048262,0.047349,0.031500,0.033250,0.032065,0.033518,0.035451,0.036497,0.039962,0.058859
0.048458,0.051225,0.048126,0.047498,0.031373,0.033145,0.032277,0.033790,0.035379,0.036392,0.040028,0.058827
0.048606,0.051057,0.048445,0.047403,0.031506,0.032858,0.032081,0.033768,0.035483,0.036633,0.039936,0.058950
0.048730,0.051215,0.048155,0.047109,0.031339,0.033054,0.032081,0.033685,0.035401,0.036639,0.039920,0.058843
0.048625,0.051105,0.048152,0.047217,0.031648,0.032927,0.032198,0.033398,0.035508,0.036651,0.040040,0.058695
0.048767,0.050934,0.048117,0.047311,0.031414,0.033092,0.032356,0.033641,0.035343,0.036493,0.039914,0.058875
0.048373,0.051244,0.048398,0.047463,0.031563,0.033294,0.031920,0.033515,0.035331,0.036670,0.039728,0.058540
0.048957,0.051076,0.048376,0.047163,0.031437,0.032776,0.032065,0.033512,0.035322,0.036307,0.040021,0.059064
0.048584,0.051004,0.048309,0.047489,0.031525,0.033063,0.032321,0.033616,0.035635,0.036320,0.040059,0.058622
0.048619,0.051184,0.048319,0.047523,0.031487,0.032940,0.032346,0.033575,0.035574,0.036519,0.039816,0.058815
0.048679,0.050982,0.048319,0.047154,0.031585,0.032981,0.032005,0.033376,0.035584,0.036509,0.040085,0.058890
0.048682,0.051357,0.048167,0.047210,0.031351,0.033224,0.032239,0.033543,0.035599,0.036614,0.040300,0.058486
0.048742,0.051029,0.048227,0.047106,0.031383,0.032943,0.032198,0.033824,0.035353,0.036683,0.040145,0.058868
0.048818,0.050988,0.047962,0.047160,0.031468,0.033231,0.032135,0.033749,0.035691,0.036525,0.039876,0.058982
0.048628,0.050928,0.048410,0.047431,0.031863,0.033003,0.032283,0.033676,0.035615,0.036594,0.039902,0.058808
0.048379,0.051127,0.048158,0.047248,0.031373,0.032988,0.032308,0.033427,0.035385,0.036648,0.039968,0.058922
0.048821,0.050884,0.048347,0.047305,0.031377,0.032848,0.032065,0.033613,0.035707,0.036462,0.039930,0.058464
0.049039,0.051067,0.048379,0.047096,0.031633,0.033158,0.032305,0.033528,0.035208,0.036591,0.039721,0.058704
0.048455,0.050997,0.048363,0.047453,0.031616,0.032665,0.031983,0.033967,0.035382,0.036841,0.040296,0.059010
0.048720,0.051070,0.048290,0.047204,0.031402,0.033076,0.032299,0.033916,0.035524,0.036389,0.039822,0.058982
0.048928,0.051256,0.048297,0.047444,0.031569,0.033035,0.032201,0.033733,0.035360,0.036503,0.040227,0.058632
0.048682,0.050915,0.048111,0.046995,0.031336,0.032965,0.032160,0.033714,0.035517,0.036629,0.039968,0.059026
0.048717,0.050997,0.048433,0.047195,0.031689,0.033000,0.032201,0.033821,0.035293,0.036633,0.040028,0.058777
0.048767,0.050896,0.048328,0.047292,0.031655,0.032820,0.032138,0.033862,0.035337,0.036746,0.039962,0.059140
0.048733,0.050988,0.048224,0.047185,0.031493,0.033199,0.032179,0.033493,0.035622,0.036541,0.040056,0.058846
0.048616,0.051238,0.048492,0.047356,0.031373,0.032947,0.032201,0.033629,0.035659,0.036291,0.039965,0.058913
0.048887,0.051029,0.048379,0.047122,0.031724,0.033215,0.031967,0.033565,0.035337,0.036718,0.039822,0.058982
0.048379,0.050931,0.048180,0.047315,0.031626,0.033089,0.032192,0.033619,0.035486,0.036455,0.040148,0.059020
0.048565,0.051095,0.048259,0.047068,0.031354,0.033057,0.032084,0.033562,0.035543,0.036679,0.039885,0.058916
0.048846,0.051275,0.048070,0.047267,0.031345,0.033215,0.032081,0.033771,0.035085,0.036455,0.039611,0.058492
0.047823,0.050012,0.046765,0.045675,0.030338,0.031468,0.030391,0.031661,0.033114,0.033967,0.037255,0.055599
0.044023,0.045647,0.042684,0.041995,0.027886,0.029008,0.028016,0.029418,0.030521,0.031727,0.035268,0.053922
0.041655,0.043950,0.041032,0.040309,0.026797,0.028313,0.027605,0.028932,0.030028,0.031677,0.035514,0.054134
0.041781,0.044014,0.041209,0.040982,0.027248,0.029080,0.027653,0.029229,0.030429,0.031803,0.035100,0.054020
0.041787,0.043821,0.040855,0.040618,0.027530,0.028887,0.027966,0.029134,0.030164,0.031803,0.035347,0.054377
0.042169,0.044030,0.040985,0.040713,0.027296,0.029159,0.027975,0.028799,0.030717,0.031610,0.035236,0.054386
0.041784,0.043597,0.041307,0.040457,0.027245,0.028973,0.027956,0.029061,0.030451,0.031913,0.035300,0.054582
0.042103,0.044169,0.041108,0.040906,0.027760,0.029188,0.027874,0.029036,0.030363,0.031806,0.035438,0.054696
0.041711,0.043698,0.041313,0.040745,0.027425,0.029279,0.027911,0.028989,0.030552,0.032135,0.035208,0.054743
0.041825,0.043957,0.041127,0.040710,0.027491,0.029384,0.027751,0.028796,0.030669,0.031876,0.035331,0.054541
0.041787,0.044134,0.041462,0.040704,0.027668,0.029266,0.028051,0.029197,0.030846,0.031838,0.035577,0.054567
0.041797,0.044235,0.041266,0.040906,0.027640,0.029374,0.028010,0.029014,0.030792,0.031838,0.035341,0.054466
0.041926,0.044102,0.041430,0.040647,0.027283,0.029162,0.027966,0.029014,0.030688,0.032008,0.035745,0.054854
0.042179,0.044039,0.041465,0.040511,0.027804,0.029488,0.028095,0.029399,0.030622,0.031920,0.035590,0.055059
0.041869,0.043904,0.041433,0.040745,0.027438,0.029510,0.028035,0.029140,0.030442,0.032204,0.035476,0.054933
0.041759,0.044222,0.041487,0.041001,0.027817,0.029614,0.028051,0.028983,0.030666,0.031838,0.035647,0.054775
0.041970,0.043957,0.041430,0.040818,0.027646,0.029289,0.027953,0.029039,0.030558,0.031951,0.035717,0.054939
0.041967,0.044010,0.041484,0.040799,0.028101,0.029463,0.027968,0.029263,0.030549,0.031667,0.035246,0.054472
0.042059,0.044055,0.041376,0.040606,0.027776,0.029364,0.027953,0.028926,0.030732,0.032008,0.035666,0.054756
0.041888,0.043948,0.041607,0.040975,0.028016,0.029639,0.028149,0.028986,0.030802,0.031961,0.035770,0.054696
0.042226,0.044241,0.041591,0.040821,0.028303,0.029403,0.027889,0.028957,0.030884,0.031913,0.035521,0.054794
0.041932,0.043720,0.041860,0.040726,0.028031,0.029463,0.027937,0.028973,0.030439,0.031689,0.035511,0.054810
0.041932,0.044049,0.041424,0.040681,0.027773,0.029115,0.028420,0.029276,0.030596,0.032052,0.035694,0.054797
